293
317
291
283
311
289
271
300
282
257
284
274
242
262
261
227
239
249
217
224
247
217
256
241
294
290
346
335
381
361
396
369
401
372
403
374
402
371
399
370
398
368
394
365
393
363
390
362
389
362
386
359
387
359
384
358
385
359
384
359
385
359
384
359
384
359
381
357
379
356
379
355
377
353
378
353
374
352
373
352
373
352
373
351
370
349
370
350
370
348
366
348
366
346
367
346
365
346
363
345
362
344
362
344
362
343
360
343
359
343
358
341
353
336
352
338
351
334
344
334
352
342
360
349
359
347
358
347
356
340
334
278
348
413
475
518
478
402
344
316
322
310
318
308
314
308
313
306
309
303
306
297
303
294
295
287
287
275
269
258
254
242
238
231
233
237
250
269
294
319
343
359
372
379
384
387
387
388
388
387
384
384
383
385
379
381
377
380
374
375
372
376
370
375
372
375
371
375
370
375
369
374
368
375
368
375
365
375
366
375
363
372
363
371
361
369
359
370
359
368
356
367
355
367
352
364
352
364
352
365
351
363
351
362
348
362
347
362
346
362
348
362
345
360
343
359
340
359
342
361
342
359
342
357
337
352
336
352
331
345
324
348
332
355
342
360
339
359
337
359
335
353
300
298
354
430
471
518
443
403
319
329
303
326
300
322
295
320
294
317
290
315
287
311
281
306
274
296
265
285
250
269
233
254
221
246
219
255
239
290
288
339
333
378
360
395
367
401
371
400
371
400
368
398
367
394
362
392
360
391
358
389
357
387
356
387
353
386
354
385
352
386
353
385
354
387
352
385
351
383
350
385
351
381
348
381
348
383
346
380
346
380
345
377
343
379
343
377
342
375
340
378
339
373
337
375
337
373
337
373
337
372
338
374
338
371
336
374
337
370
332
365
331
367
330
362
323
356
323
366
333
374
337
373
335
373
336
369
328
347
269
368
399
488
498
492
389
363
303
338
299
335
294
331
293
329
289
327
287
323
284
318
278
311
271
302
258
286
242
271
225
256
216
253
221
270
254
315
303
362
343
391
364
402
369
405
368
404
369
403
365
400
365
399
364
396
361
396
360
393
358
390
356
392
357
389
358
391
357
392
359
391
358
390
356
389
355
388
355
387
353
385
353
383
352
383
351
383
351
379
350
379
349
377
347
375
344
376
346
375
345
374
344
372
342
370
341
370
340
367
339
366
340
366
338
364
337
364
338
363
336
360
332
359
332
358
330
354
324
356
335
362
342
368
343
367
343
365
340
359
314
301
345
435
469
533
460
410
328
332
308
327
302
323
299
319
299
318
297
315
292
311
289
304
282
296
273
283
259
265
239
249
227
239
222
243
241
278
287
327
334
366
364
385
378
394
379
394
378
392
378
391
375
389
377
385
372
383
371
380
372
379
368
380
369
377
368
375
367
376
369
377
367
374
367
373
365
373
366
372
365
371
362
370
363
368
363
368
365
366
360
363
360
362
357
362
359
362
360
361
360
360
358
359
357
358
357
356
356
356
355
355
357
354
354
352
355
352
355
350
351
343
351
347
348
342
345
335
343
343
354
352
358
348
356
348
355
345
349
315
292
358
431
481
525
457
398
329
323
313
321
308
316
304
315
302
312
297
309
295
307
291
302
285
292
272
279
257
262
238
245
225
235
221
243
241
278
287
331
335
369
364
388
375
394
377
394
376
396
374
394
374
390
371
389
367
387
365
385
363
384
363
385
363
386
362
382
361
383
361
381
360
384
359
382
358
382
357
380
357
381
354
379
353
377
353
378
352
378
351
377
350
375
346
375
348
375
347
374
345
373
343
371
342
370
341
367
340
368
340
369
338
368
339
366
335
367
336
366
335
361
329
361
329
358
322
350
323
360
332
368
336
365
336
367
336
364
327
336
269
374
404
498
501
482
378
351
301
335
296
328
294
326
291
324
286
320
284
318
282
313
275
305
266
295
252
279
235
264
219
249
209
247
215
266
251
313
303
361
343
391
362
404
369
407
369
406
368
404
366
403
364
400
363
398
360
397
359
396
357
393
356
393
357
393
357
392
354
391
354
391
353
391
352
386
351
388
351
385
347
385
348
384
346
384
346
383
346
381
345
381
345
382
343
379
342
378
341
377
341
377
339
374
339
376
339
374
337
373
336
373
335
371
335
367
330
366
331
363
327
360
317
358
330
369
337
374
338
371
336
373
337
367
317
305
324
435
455
541
465
427
327
337
301
332
295
328
294
325
292
323
289
320
287
315
282
310
276
306
267
292
252
274
235
258
219
247
214
251
234
285
279
335
329
376
358
396
371
401
374
402
373
403
374
399
370
397
368
394
366
393
364
387
360
388
360
385
359
383
358
384
359
383
358
383
357
383
361
383
360
382
359
380
357
381
355
378
354
377
354
375
354
375
351
373
350
372
349
372
351
370
349
367
347
367
347
365
346
364
345
363
345
362
343
361
342
359
341
355
338
357
341
352
336
347
328
348
340
358
350
360
347
361
347
359
344
352
311
298
362
429
483
518
456
402
331
323
314
320
310
316
307
313
303
310
301
307
299
302
294
299
286
288
278
275
262
258
244
242
231
231
229
240
253
279
302
328
346
365
374
382
382
386
385
385
385
385
384
382
381
379
380
378
378
375
377
373
375
372
375
371
372
370
372
369
373
368
374
369
374
366
372
367
372
364
371
364
371
363
369
362
369
360
368
359
367
357
366
356
367
355
365
355
364
354
364
355
364
352
364
352
363
351
365
350
362
349
360
339
354
344
355
337
352
333
349
337
358
349
365
348
362
346
362
343
354
333
305
303
401
427
509
481
444
367
338
312
330
307
324
303
322
300
320
299
317
295
316
293
311
286
305
278
293
262
275
245
259
230
248
223
250
236
279
279
329
328
371
358
393
373
400
376
402
376
402
374
400
370
398
370
395
367
394
366
392
363
391
361
390
361
390
361
388
358
387
358
387
358
386
356
383
355
385
352
383
352
383
352
382
351
383
350
380
350
380
350
380
348
380
345
378
347
379
344
376
343
375
342
375
342
374
340
372
339
372
339
372
338
371
337
370
335
369
331
363
331
366
328
360
324
352
324
365
334
375
336
371
336
371
335
367
327
348
269
360
398
482
499
493
385
359
301
335
299
331
294
327
288
324
286
320
284
322
279
315
276
307
266
298
255
285
238
266
222
253
210
247
217
266
250
313
301
360
339
388
358
400
363
401
368
404
367
402
364
399
362
397
360
396
359
392
355
391
353
389
351
387
350
388
352
387
351
387
350
387
351
387
350
385
350
385
350
385
351
384
349
384
348
382
348
384
347
380
345
380
343
379
342
377
342
378
341
376
339
374
338
370
336
372
336
370
337
370
336
369
335
368
334
368
336
367
335
369
338
368
335
364
328
361
333
360
325
358
324
355
330
366
338
370
338
368
339
368
336
362
328
313
295
408
423
525
487
444
349
338
306
331
301
325
297
323
295
321
292
318
290
315
287
311
280
301
271
291
257
275
241
256
226
244
219
245
231
273
272
320
322
364
357
389
372
397
377
398
378
398
376
398
374
396
376
392
371
391
369
388
368
387
367
384
366
384
364
383
365
383
365
381
365
381
365
381
363
378
365
378
363
377
361
376
361
375
361
373
359
371
356
370
357
368
357
368
357
367
355
365
353
364
353
361
352
362
353
362
351
360
351
358
350
359
349
355
348
355
347
355
347
353
349
355
348
353
349
353
347
347
339
346
345
345
339
341
335
341
343
352
353
353
350
352
350
350
350
347
328
285
345
418
473
519
473
400
339
320
319
315
315
309
311
308
309
303
307
299
303
297
299
290
292
283
284
271
268
254
251
235
236
223
232
228
251
261
296
313
345
352
374
372
387
379
391
381
391
380
390
378
389
376
387
373
384
369
382
367
381
365
378
364
379
362
378
363
379
363
378
362
379
362
378
361
379
359
376
359
378
358
378
359
375
357
376
355
376
354
374
353
373
352
371
351
371
350
372
348
370
348
369
347
367
345
369
345
367
343
366
341
364
341
364
340
362
337
363
339
361
338
362
335
361
336
360
330
354
332
358
326
353
323
348
329
360
336
368
341
366
337
366
335
361
331
327
275
383
406
501
494
469
372
345
303
333
301
327
294
325
294
323
289
321
286
316
283
313
277
306
270
295
257
283
238
263
223
249
211
246
219
267
256
316
308
363
344
388
361
402
368
403
369
403
366
401
365
397
362
398
360
395
359
395
358
392
357
391
354
390
355
390
354
391
354
391
353
389
352
387
350
388
351
388
351
388
350
386
347
385
347
383
346
382
343
382
344
381
345
382
343
379
342
378
341
378
342
378
338
377
338
375
338
375
338
374
336
374
334
372
336
371
330
365
327
367
328
362
325
357
319
364
329
373
337
372
334
372
334
371
327
360
276
334
374
455
483
509
414
393
310
341
300
333
297
332
293
329
291
324
287
323
285
320
280
313
275
305
263
293
248
276
232
260
220
251
221
266
248
306
298
355
339
387
361
402
369
405
373
407
372
405
368
401
368
400
367
398
363
395
362
394
360
394
359