319.00
321.10
323.45
323.67
323.84
326.25
327.78
327.30
328.08
330.48
330.20
330.59
332.81
332.87
332.83
335.04
335.64
335.20
337.09
338.39
337.42
338.50
339.42
338.15
338.69
340.01
338.91
338.86
340.87
341.58
341.15
341.14
338.13
335.73
336.79
337.85
337.31
339.19
340.83
340.24
341.58
343.60
343.02
343.87
346.08
345.82
346.33
349.01
349.81
350.47
353.65
355.47
355.84
358.25
359.59
358.31
358.49
358.47
355.80
354.71
354.72
352.18
350.63
350.94
349.05
347.19
347.73
346.75
344.76
345.22
344.91
342.87
343.07
343.32
341.30
341.09
341.73
339.95
339.30
340.23
338.87
337.83
338.99
338.24
336.93
337.98
337.88
336.34
337.17
337.66
336.03
336.53
337.55
336.02
336.12
337.42
336.25
335.78
337.24
336.53
335.61
337.12
337.17
336.11
337.50
338.28
337.02
338.06
339.26
337.80
337.81
338.97
337.57
337.29
338.73
337.89
337.40
340.53
340.70
338.51
336.94
335.69
334.16
335.90
337.55
336.93
338.38
340.56
340.08
340.98
343.28
343.17
343.71
346.42
347.15
347.64
350.81
352.77
353.63
356.85
359.41
359.59
361.41
362.89
361.24
360.78
361.14
358.69
357.05
357.30
355.33
353.37
353.75
352.56
350.38
350.71
350.33
348.21
348.35
348.63
346.60
346.47
347.25
345.49
344.86
345.77
344.33
343.21
344.25
343.39
341.97
342.92
342.68
341.04
341.84
342.30
340.53
340.81
341.72
340.13
340.07
341.32
340.15
339.50
340.82
339.93
338.83
340.19
340.03
338.68
339.80
340.26
338.79
339.55
340.63
339.30
339.63
341.05
340.05
340.14
341.89
341.34
340.98
342.83
342.84
341.84
342.90
343.06
341.65
342.52
343.24
341.78
342.39
345.27
344.46
343.49
341.71
339.03
338.33
340.51
340.68
340.50
342.67
343.64
343.21
345.15
346.59
346.06
347.66
349.78
349.59
351.21
354.30
355.08
356.88
360.48
361.71
362.67
365.34
365.67
364.39
365.02
364.47
362.00
361.70
361.51
358.99
358.34
358.62
356.49
355.46
356.14
354.48
353.16
354.05
353.00
351.35
352.18
351.87
350.03
350.53
350.80
348.81
348.92
349.57
347.75
347.41
348.49
346.96
346.12
347.21
346.15
344.94
345.99
345.65
344.11
345.01
345.26
343.54
344.07
344.86
343.17
343.31
344.45
343.02
342.72
344.09
343.13
342.33
343.66
343.33
342.16
343.40
343.63
342.20
343.14
344.03
342.53
343.01
344.35
343.34
343.52
345.24
344.58
344.35
346.19
345.83
344.68
345.80
345.61
344.03
344.88
345.28
343.62
345.44
347.57
345.64
342.71
341.62
339.69
339.91
342.01
341.91
341.76
343.98
344.53
344.05
346.05
347.30
346.83
348.74
350.80
350.66
352.48
355.56
356.18
358.17
361.71
362.63
363.49
365.87
365.58
364.10
364.64
363.71
361.12
360.97
360.52
358.04
357.59
357.76
355.52
354.80
355.46
353.68
352.70
353.62
352.43
350.96
351.82
351.22
349.31
349.90
349.85
347.81
347.97
348.47
346.50
346.32
347.11
345.50
344.78
345.84
344.60
343.47
344.59
343.96
342.51
343.49
343.46
341.79
342.50
343.08
341.27
341.61
342.73
341.24
341.03
342.38
341.31
340.69
342.16
341.65
340.67
342.09
342.18
340.92
341.98
342.68
341.24
341.93
343.18
341.88
342.18
343.97
343.07
343.17
344.91
344.22
343.21
344.60
344.37
343.05
344.24
344.73
343.90
346.45
347.58
344.20
341.54
341.61
340.58
341.30
343.59
343.51
343.73
346.05
346.44
346.22
348.41
349.54
349.16
351.25
353.14
353.04
355.28
358.37
359.05
361.25
364.69
365.15
365.84
367.70
366.82
365.23
365.61
364.38
361.91
361.82
361.08
358.52
358.25
358.24
355.87
355.33
355.91
353.97
353.02
353.92
352.47
351.20
352.09
351.23
349.52
350.30
350.08
348.28
348.91
349.37
347.50
347.62
348.34
346.58
346.15
347.24
345.93
345.18
346.47
345.75
344.56
345.68
345.50
343.92
344.78
345.14
343.53
344.06
344.90
343.31
343.34
344.58
343.25
342.83
344.19
343.28
342.32
343.80
343.71
342.58
343.90
344.35
343.19
344.28
345.21
343.40
343.53
344.61
343.07
342.77
344.13
343.18
344.12
346.06
344.81
340.52
339.69
339.11
338.45
340.23
341.72
341.03
342.53
344.55
344.03
344.92
347.18
347.07
347.77
350.53
351.30
352.09
355.38
357.31
358.20
361.39
363.57
363.29
364.58
365.45
363.27
362.56
362.68
360.20
358.69
358.85
356.71
354.88
355.28
353.92
351.87
352.38
351.86
349.82
350.18
350.37
348.40
348.43
349.01
347.16
346.65
347.57
346.09
345.18
346.32
345.46
344.19
345.23
344.91
343.37
344.20
344.54
342.81
343.32
344.16
342.55
342.62
343.89
342.55
342.07
343.37
342.40
341.38
342.66
342.23
340.81
341.87
342.03
340.53
341.35
342.33
341.12
341.66
343.13
342.07
342.17
344.01
343.16
342.40
343.58
342.85
341.56
342.63
342.60
341.12
342.96
345.02
343.57
341.74
340.05
337.35
337.53
339.70
339.32
339.75
342.11
342.36
342.34
344.62
345.34
345.03
347.22
348.81
348.67
350.94
353.79
354.25
356.59
359.91
360.56
361.99
364.44
363.77
362.63
363.20
361.69
359.30
359.24
358.17
355.52
355.34
355.02
352.57
352.14
352.49
350.26
349.50
350.22
348.46
347.34
348.22
347.11
345.66
346.52
346.05
344.19
344.78
344.95
343.15
343.49
344.17
342.46
342.29
343.32
341.90
341.31
342.54
341.52
340.49
341.72
341.33
339.91
341.02
341.27
339.70
340.57
341.44
339.97
340.32
341.50
340.13
339.92
341.33
340.31
339.59
341.01
340.66
339.73
341.19
341.53
340.46
341.68
342.55
341.12
341.47
342.39
340.82
340.73
342.00
340.80
340.56
343.68
343.34
341.13
339.37
337.85
336.61
338.68
340.00
339.45
341.12
343.02
342.37
343.60
345.77
345.53
346.45
349.13
349.52
350.35
353.63
355.20
356.14
359.58
361.85
362.21
364.45
365.83
364.24
364.07
364.27
361.81
360.67
360.98
358.78
357.09
357.59
356.06
354.11
354.55
353.67
351.54
351.86
351.72
349.63
349.75
350.27
348.30
347.99
348.94
347.19
346.43
347.51
346.38
345.16
346.31
345.79
344.25
345.09
345.08
343.33
343.81
344.52
342.75
342.91
343.91
342.27
341.96
343.21
342.00
341.15
342.49
341.92
340.72
341.98
342.13
340.78
341.84
342.65
341.16
341.71
342.92
341.42
341.55
343.18
342.22
342.01
343.86
343.81
343.67
345.64
345.81
344.62
345.84
346.49
345.22
346.11
347.30
347.64
348.51
349.13
344.57
342.45
343.67
343.54
343.51
345.74
346.15
345.69
347.66
348.62
347.99
349.69
351.46
350.94
352.54
355.06
355.26
357.05
360.54
361.67
363.13
366.43
367.11
366.70
367.97
367.32
364.90
364.71
364.02
361.17
360.51
360.44
357.81
356.87
357.23
355.12
353.86
354.62
353.14
351.53
352.30
351.49
349.66
350.28
350.12
348.16
348.45
348.88
346.84
346.75
347.51
345.68
345.05
346.05
344.69
343.71
344.82
344.08
342.58
343.50
343.27
341.51
342.19
342.63
340.84
341.10
342.05
340.44
340.42
341.75
340.56
339.99
341.44
340.81
339.87
341.33
341.26
340.00
341.15
341.84
340.70
341.67
342.93
341.89
342.64
344.21
343.15
342.74
344.10
343.25
342.49
343.91
343.62
343.29
346.07
346.37
342.55
340.52
340.35
339.28
340.51
342.59
342.06
342.91
345.16
344.95
345.21
347.60
348.07
348.11
350.61
351.93
352.08
354.88
357.53
358.21
361.00
364.15
364.34
365.57
367.29
365.78
364.54
364.96
363.01
360.96
361.27
360.10
357.95
358.35
358.18
356.22
356.56
357.08
355.28
355.32
356.40
354.83
354.49
355.86
354.77
353.93
355.14
354.53
353.15
354.14
354.19
352.53
353.30
353.74
352.00
352.20
353.14
351.38
351.11
352.31
350.94
350.15
351.39
350.52
349.24
350.38
350.11
348.56
349.53
349.95
348.25
348.79
349.65
348.07
348.17
349.41
348.09
347.63
349.25
348.44
347.62
349.14
349.03
348.03
349.23
349.26
347.30
347.84
348.44
346.62
346.74
347.65
347.22
347.91
349.01
344.86
341.52
341.89
341.80
341.41
343.49
344.37
343.65
345.31
346.65
345.77
347.03
348.88
348.13
349.08
351.47
351.45
352.48
355.60
356.67
357.44
360.47
361.59
360.91
362.02
361.82
359.18
358.67
358.28
355.42
354.35
354.48
352.01
350.61
351.13
349.37
347.80
348.46
347.39
345.52
346.14
345.84
343.84
344.25
344.54
342.56
342.58
343.31
341.54
341.16
342.40
341.18
340.43
341.75
340.97
339.77
340.98
340.93
339.48
340.56
341.18
339.72
340.54
341.71
340.17
340.37
341.85
340.76
340.57
342.34
341.72
341.09
342.98
343.03
342.33
343.81
344.22
342.46
343.14
343.93
342.34
342.67
343.99
343.64
344.55
346.08
342.47
339.40
339.88
339.74
339.60
341.92
343.07
342.77
344.88
346.54
346.06
347.66
349.87
349.43
350.61
353.38
353.71
354.92
358.23
359.57
360.54
363.71
364.93
364.33
365.56
365.48
362.91
362.41
361.99
359.14
358.09
358.18
355.67
354.39
354.87
353.13
351.27
351.86
350.61
348.38
348.71
348.13
345.92
346.18
346.22
343.91
343.71
344.38
342.51
342.03
343.03
341.58
340.60
341.92
341.02
339.72
340.74
340.45
338.93
339.83
340.39
338.77
339.53
340.75
339.57
340.04
341.54
340.66
340.48
341.85
340.76
339.72
341.04
340.68
339.45
340.73
341.49
341.42
342.45
341.72
337.39
336.37
337.35
336.93
337.64
340.00
340.10
340.45
342.93
343.43
343.16
345.35
346.38
346.06
348.26
350.35
350.53
352.85
355.86
356.37
358.25
361.19
360.88
360.48
361.61
360.08
358.03
358.22
356.91
354.32
354.30
353.74
351.15
350.99
351.14
348.84
348.29
348.93
347.08
346.28
347.21
345.90
344.71
345.72
345.09
343.53
344.51
344.38
342.66
343.33
344.01
342.26
342.55
343.82
342.38
342.26
343.70
342.61
341.98
343.38
342.81
341.82
343.38
343.51
342.34
343.72
344.58
343.41
344.24
345.37
343.70
343.62
344.84
343.40
342.78
344.14
343.38
344.01
345.81
344.52
340.14
339.64
339.46
338.63
340.15
341.84
341.15
342.29
344.48
344.06
344.75
347.06
347.06
347.46
350.09
350.93
351.33
354.47
356.59
357.16
360.01
362.26
361.84
362.70
363.62
361.54
360.56
360.88
358.64
356.95
357.31
355.69
353.76
354.22
353.31
351.19
351.63
351.50
349.38
349.56
350.13
348.07
347.82
348.73
346.94
346.15
347.19
345.93
344.73
345.80
345.16
343.70
344.71
344.78
342.94
343.59
344.16
342.35
342.59
343.66
342.17
341.92
343.22
342.16
341.35
342.73
342.10
341.14
342.63
342.80
341.66
342.98
343.83
342.59
343.21
344.20
342.44
342.32
343.50
342.13
341.47
342.80
343.06
343.50
344.88
342.23
338.37
338.55
339.28
338.46
339.94
341.64
340.91
341.87
343.92
343.38
343.96
346.31
346.34
346.63
349.40
350.48
351.00
354.20
356.49
357.02
359.77
361.93
361.08
361.68
362.39
360.02
358.92
359.23
356.97
355.32
355.65
354.07
352.12
352.61
351.63
349.45
349.93
349.83
347.64
347.71
348.27
346.41
346.14
346.98
345.23
344.57
345.69
344.51
343.23
344.37
343.85
342.31
343.29
343.48
341.80
342.51
343.34
341.67
341.84
342.90
341.35
340.98
342.23
340.97
340.22
341.61
340.98
339.63
340.85
340.96
339.51
340.59
341.31
339.79
340.35
341.53
340.36
340.64
342.36
341.54
341.36
343.29
342.78
341.64
342.76
342.52
341.09
342.09
342.49
340.91
342.97
345.02
343.32
340.75
339.71
337.68
338.04
340.24
340.08
340.08
342.32
342.71
342.32
344.30
345.39
344.82
346.78
348.79
348.55
350.57
353.49
354.02
356.07
359.61
360.43
361.31
363.70
363.31
361.90
362.50
361.53
358.95
358.95
358.56
355.93
355.68
355.95
353.65
352.92
353.52
351.65
350.61
351.58
350.25
348.84
349.70
348.96
347.17
347.86
347.71
345.68
345.99
346.39
344.43
344.40
345.33
343.67
343.23
344.47
343.15
342.24
343.53
342.85
341.56
342.83
342.89
341.45
342.27
342.86
341.22
341.81
342.97
341.62
341.84
343.34
342.33
341.91
343.47
342.89
342.00
343.50
343.62
342.44
343.67
344.29
343.02
343.92
345.12
343.92
344.57
346.34
345.28
345.11
346.41
345.39
344.47
345.84
345.40
344.08
346.63
348.00
346.25
344.18
342.63
340.39
341.47
343.40
342.68
343.30
345.48
345.21
345.25
347.43
347.71
347.58
349.95
351.15
351.14
353.74
356.10
356.59
359.31
362.50
362.87
364.53
366.85
365.91
365.07
365.66
363.78
361.74
361.95
360.66
358.27
358.46
357.94
355.54
355.46
355.59
353.31
352.94
353.55
351.62
350.79
351.70
350.26
348.95
349.90
349.01
347.36
348.14
347.73
345.80
346.26
346.54
344.52
344.69
345.51
343.83
343.49
344.56
343.19
342.43
343.71
342.87
341.73
342.99
342.74
341.30
342.29
342.72
341.14
341.78
342.79
341.30
341.49
342.86
341.57
341.24
342.73
341.84
341.00
342.70
342.47
341.49
343.22
343.76
342.72
343.83
344.49
342.72
342.93
344.03
342.33
342.17
343.46
343.23
343.87
345.13
341.97
338.02
338.32
338.71
337.92
339.73
341.19
340.48
341.86
343.76
343.12
344.12
346.46
346.24
346.98
349.78
350.49
351.32
354.70
356.56
357.34
360.52
362.64
362.16
363.40
364.18
361.97
361.33
361.66
359.38
358.21
358.75
356.91
355.46
356.19
355.13
353.32
354.01
353.66
351.83
352.38
352.86
351.02
351.22
352.06
350.31
349.99
351.14
349.78
349.05
350.44
349.72
348.58
349.86
349.81
348.32
349.31
349.74
348.10
348.65
349.67
348.13
348.23
349.51
348.19
347.73
349.14
348.24
347.37
348.86
348.51
347.14
348.28
348.52
346.89
347.75
348.46
346.99
347.44
348.71
347.43
347.41
349.04
348.19
347.48
348.60
347.72
346.29
347.32
347.11
345.45
346.28
348.26
347.10
346.75
344.51
340.83
340.04
341.89
341.34
341.58
343.70
343.66
343.43
345.56
346.23
345.82
347.93
349.48
349.16
351.25
353.79
354.10
356.44
359.82
360.48
361.96
364.76
364.47
363.75
364.66
363.23
360.92
360.82
359.68
356.94
356.65
356.36
353.85
353.40
353.68
351.55
350.87
351.63
349.95
348.85
349.86
348.76
347.23
348.07
347.56
345.63
346.20
346.19
344.23
344.47
345.10
343.19
343.08
344.13
342.67
341.99
343.14
341.93
340.79
342.00
341.55
340.07
341.12
341.36
339.89
340.65
341.41
339.74
340.16
341.50
340.27
340.21
341.85
341.21
340.85
342.70
342.42
341.20
342.24
342.13
340.62
341.49
342.01
340.46
341.89
344.20
342.94
340.54
339.46
337.14
336.98
339.43
339.71
339.73
342.19
343.08
342.78
344.84
346.20
345.64
347.50
349.73
349.64
351.51
354.48
355.11
356.86
360.36
361.24
362.03
364.43
364.21
362.55
362.82
361.88
359.19
358.73
358.34
355.62
354.99
355.19
352.78
351.84
352.40
350.53
349.20
349.89
348.60
346.92
347.77
347.09
345.08
345.58
345.70
343.66
343.83
344.54
342.71
342.63
343.64
342.06
341.41
342.64
341.61
340.63
341.90
341.50
340.23
341.21
341.40
339.88
340.69
341.50
339.98
340.48
341.91
340.71
340.78
342.44
341.76
341.33
342.81
342.07
340.67
341.83
341.79
340.25
341.24
341.98
341.98
342.98
343.38
338.91
337.12
337.91
337.46
337.84
340.35
340.63
340.65
343.02
343.87
343.52
345.60
347.02
346.52
348.44
350.77
350.88
352.89
356.24
357.08
358.78
361.99
362.29
361.97
363.27
362.26
360.10
360.14
359.24
356.52
356.20
355.89
353.34
352.88
353.23
351.12
350.41
351.34
349.73
348.54
349.56
348.54
347.06
348.01
347.66
345.87
346.53
346.75
344.86
345.12
345.92
344.22
344.16
345.35
343.93
343.39
344.72
343.78
342.79
344.10
343.75
342.36
343.49
343.87
342.32
343.11
343.95
342.41
342.63
343.75
342.27
342.05
343.55
342.67
342.04
343.79
343.55
342.62
344.19
344.63
343.60
344.82
345.53
343.80
344.21
345.30
343.64
343.50
344.83
344.34
345.37
347.15
344.74
340.86
341.11
341.21
340.55
342.37
343.60
342.82
344.28
346.02
345.17
346.16
348.30
347.98
348.69
351.35
351.78
352.59
355.91
357.57
358.39
361.47
363.25
362.84
364.14
364.74
362.35
361.78