398
396
392
389
387
385
382
380
378
377
375
372
370
370
368
365
364
363
362
360
358
358
357
355
354
354
353
350
349
349
348
347
345
345
344
343
341
341
341
339
337
337
337
330
329
327
326
326
325
323
322
322
321
319
318
318
318
316
315
315
315
313
311
312
311
310
308
308
308
307
305
305
305
304
302
301
302
301
300
299
299
299
297
297
297
297
292
290
289
289
289
288
287
287
288
287
285
285
286
285
283
283
284
283
282
282
282
281
279
278
279
278
277
277
277
277
275
275
275
276
276
275
276
277
276
275
276
276
276
272
271
271
272
271
269
270
270
270
270
271
273
274
272
269
268
265
259
253
249
246
243
241
242
245
247
248
251
255
257
258
259
262
263
264
265
268
269
269
271
272
273
273
278
278
280
281
281
281
282
284
283
283
285
287
287
287
288
290
291
290
292
294
295
295
296
298
298
298
299
300
301
300
299
299
299
296
294
293
292
289
286
285
283
280
277
266
264
265
266
267
268
271
271
270
270
271
271
270
269
270
270
269
268
269
270
270
269
270
270
270
269
270
271
271
270
270
272
272
271
271
272
272
271
271
272
273
271
271
272
273
273
273
272
273
275
274
274
275
276
276
275
276
277
277
277
277
279
278
278
278
279
279
278
278
279
280
279
279
280
281
280
280
281
282
281
281
282
284
283
282
284
285
286
286
285
286
287
288
287
287
288
288
288
288
289
290
289
289
290
291
290
290
291
292
291
290
292
293
293
292
293
294
294
293
294
295
295
294
294
295
295
294
295
296
298
298
298
298
299
300
299
298
299
300
300
300
301
303
303
302
303
304
304
303
303
304
304
302
302
303
303
301
301
302
303
302
302
302
303
302
301
303
306
307
307
307
306
281
281
281
284
287
289
290
293
296
298
299
301
304
305
305
306
307
308
307
307
310
312
313
314
317
318
319
319
321
322
322
322
323
325
325
324
325
327
327
326
327
329
330
337
337
338
341
342
341
341
342
343
341
340
340
339
337
334
334
333
330
326
325
324
322
319
318
318
316
314
313
313
312
310
309
308
308
306
306
307
308
306
306
307
307
306
306
305
306
307
306
305
306
306
305
304
304
304
304
303
304
306
307
306
306
307
308
307
306
307
307
306
306
307
307
306
306
307
308
308
307
308
309
308
307
307
308
308
307
308
309
310
310
309
309
310
310
309
308
309
310
309
309
309
311
310
309
309
310
310
309
309
311
310
309
310
311
311
310
310
311
311
310
310
311
311
310
310
311
312
311
311
312
313
314
313
312
312
313
312
311
312
313
313
312
312
314
314
313
313
314
314
313
313
315
316
315
315
317
317
316
316
317
318
317
316
317
317
316
314
314
316
315
314
314
314
315
316
315
317
318
318
315
312
311
307
300
295
292
291
289
289
291
294
296
297
300
303
304
305
308
310
312
312
313
315
316
316
317
319
320
319
320
322
323
322
323
325
330
332
332
332
333
335
335
335
336
338
339
339
340
342
342
342
343
345
346
345
346
347
348
347
346
346
345
343
341
341
339
336
333
331
330
327
325
324
324
322
319
318
318
312
311
310
309
310
310
309
308
309
309
308
307
308
308
307
307
308
309
308
307
308
309
309
308
309
310
310
308
309
310
310
309
309
310
311
310
310
311
311
309
308
309
310
310
309
309
310
310
309
309
309
310
309
308
309
310
310
308
309
310
310
309
308
310
310
309
309
310
310
308
308
310
310
310
309
310
311
309
308
309
310
310
309
310
311
311
312
311
311
312
313
311
311
313
313
312
312
313
314
313
312
313
314
313
313
314
314
313
313
314
315
314
313
314
315
314
313
314
316
316
315
316
317
318
317
318
319
319
317
315
315
315
316
315
314
315
315
314
314
316
318
319
319
318
317
314
310
305
301
296
292
290
291
291
292
294
297
300
301
303
306
308
308
309
311
314
314
315
316
318
319
319
325
326
328
328
328
328
330
331
330
331
332
333
333
334
335
337
337
337
339
341
341
342
344
345
345
345
346
348
347
346
347
347
346
344
343
343
341
338
336
335
333
329
327
315
315
315
313
311
312
312
311
310
310
311
309
308
309
310
309
307
308
309
308
307
307
308
308
306
307
308
308
307
307
308
309
307
307
308
308
308
307
308
309
308
308
308
308
309
309
307
307
309
309
307
308
309
309
308
308
309
309
308
308
309
310
309
308
308
309
308
308
308
309
309
308
309
310
309
308
309
310
309
308
309
310
311
310
310
310
310
311
310
310
311
312
310
310
311
312
311
311
311
312
312
311
312
313
313
312
313
314
314
313
313
315
315
314
314
315
315
315
315
317
318
317
317
318
318
317
316
316
317
315
315
314
314
315
315
314
315
317
318
318
317
317
315
311
307
303
298
292
288
288
288
289
291
294
297
299
300
303
306
307
308
310
312
313
313
315
317
318
318
319
321
322
327
327
327
328
329
329
329
331
332
332
332
334
336
336
336
338
340
340
340
341
343
344
344
346
348
348
347
347
348
348
345
344
344
343
340
338
336
334
331
329
328
327
324
315
314
313
313
312
311
311
311
311
309
309
310
310
308
308
309
309
308
307
308
309
307
307
308
308
307
307
307
308
307
307
307
308
308
307
308
309
309
308
309
309
309
307
308
308
309
309
308
308
309
309
308
308
309
310
309
309
310
310
309
308
309
310
309
308
309
310
309
308
309
310
310
309
309
310
311
309
309
310
311
310
310
311
312
311
311
311
312
312
311
310
311
312
312
311
312
313
313
312
312
313
313
312
312
314
314
313
312
313
314
313
313
315
316
315
315
316
317
316
315
315
316
315
314
314
315
315
314
314
313
315
317
317
317
316
315
311
308
304
299
293
290
289
289
289
290
293
297
298
300
303
306
308
309
311
313
314
314
315
317
318
318
319
321
322
322
323
325
326
325
325
327
331
333
333
333
334
336
336
336
338
340
341
341
342
344
344
344
345
347
348
348
348
349
348
346
345
344
343
341
339
337
335
332
329
328
327
324
322
321
320
318
317
316
316
311
310
309
309
310
309
308
307
308
308
307
306
307
308
307
306
307
308
306
306
307
308
307
306
307
308
308
307
307
308
308
307
307
309
309
308
308
309
309
308
308
309
309
310
309
308
309
310
309
308
308
309
308
308
308
309
309
308
308
309
309
308
308
309
309
308
308
309
310
309
309
310
310
309
308
309
310
309
308
309
310
309
308
309
310
310
311
310
311
312
311
310
310
311
311
310
310
311
311
309
309
311
312
311
312
313
314
313
312
313
313
313
312
313
314
313
312
312
313
313
312
312
313
314
312
312
313
315
315
297
292
290
289
287
287
290
293
295
296
300
303
304
305
308
310
311
312
313
316
317
316
317
319
320
320
321
323
324
323
324
326
327
326
326
327
329
328
329
330
331
331
331
339
340
343
344
343
344
346
347
346
347
348
348
346
345
345
344
342
340
339
337
334
331
330
329
326
323
323
322
320
318
317
317
316
314
313
313
312
311
310
311
310
309
309
307
308
308
307
307
308
309
308
307
308
309
308
307
308
308
308
307
307
308
308
307
307
309
308
307
307
309
309
308
308
309
309
308
308
309
309
308
307
308
309
308
307
307
309
309
309
308
308
309
309
308
309
310
310
309
308
310
310
308
308
310
310
309
308
309
310
309
308
309
310
309
309
310
311
310
310
310
312
311
311
311
312
312
310
310
311
311
311
311
311
312
313
312
311
312
313
312
311
312
313
312
312
313
314
314
312
313
314
314
313
313
315
315
314
315
316
317
316
316
318
318
317
316
317
317
316
315
316
316
314
313
312
313
316
317
318
318
317
314
310
307
303
298
292
289
289
288
287
289
293
296
297
299
302
305
306
307
310
312
313
314
316
318
319
318
320
321
322
321
322
324
324
330
329
329
331
332
332
333
334
335
335
335
338
340
340
340
342
343
343
343
345
346
346
346
347
348
347
346
345
345
343
340
338
337
335
331
329
328
327
324
322
322
321
318
311
310
310
311
310
309
309
310
309
308
308
309
308
307
307
308
309
308
307
308
308
308
307
308
308
307
307
307
308
307
307
308
309
309
308
308
309
309
308
308
309
309
308
308
308
309
309
307
308
309
309
308
308
309
310
308
308
309
310
309
309
310
311
310
309
309
310
309
308
308
310
309
308
308
310
310
309
309
311
311
310
310
311
311
310
310
310
311
312
311
310
311
312
311
310
311
312
312
310
311
312
312
311
311
312
312
311
311
312
313
312
312
313
314
313
312
313
314
313
312
313
314
314
313
315
317
317
316
317
314
315
314
313
312
313
313
312
312
313
313
312
312
314
316
316
316
315
313
310
306
302
297
292
288
286
287
287
288
290
294
296
297
299
302
304
305
307
309
312
312
313
315
322
323
323
323
325
327
327
327
328
329
329
329
330
332
332
332
333
334
335
334
335
338
339
339
340
342
343
343
343
345
347
347
346
347
348
346
344
344
343
341
338
336
335
321
320
318
317
317
316
313
313
313
312
311
310
311
311
309
308
309
310
309
308
309
309
308
307
308
309
309
308
309
310
309
308
309
310
310
308
308
310
310
309
309
310
310
310
308
308
309
310
309
308
309
310
309
309
309
310
310
309
310
311
310
309
309
310
310
308
308
309
309
307
307
309
309
308
308
309
310
309
309
310
311
310
309
309
310
310
311
310
311
312
312
310
310
312
312
311
311
312
313
312
312
312
313
312
312
313
314
313
312
313
314
313
312
313
314
313
312
312
313
313
312
313
315
315
314
314
316
316
315
250
250
250
250
250
250
250
250
250
250
250
250
250
250
250
250
250
250
250
250
250
250
250
250
250
250
250
250
250
250
250
250
250
250
250
250
250
250
250
250
250
250
250
250
250
250
250
250
250
250
250
313
315
317
318
317
318
320
321
320
321
323
324
324
325
327
328
327
327
328
329
329
329
330
332
331
338
338
339
342
343
342
343
345
345
345
345
337
336
334
331
329
328
326
323
321
320
320
318
316
315
315
313
311
311
312
311
309
309
310
309
307
307
308
308
307
306
307
307
306
306
307
307
306
306
306
307
307
306
307
308
308
308
307
307
308
308
307
307
308
308
307
307
308
308
307
307
308
308
307
307
308
308
307
307
308
309
308
307
308
309
308
307
307
308
308
307
308
309
309
308
307
309
309
310
308
309
310
310
309
309
310
310
309
308
309
310
310
309
310
311
310
309
309
311
310
310
310
311
311
310
310
311
312
311
311
313
313
312
312
313
314
313
313
314
315
315
314
312
313
314
313
311
311
313
313
312
312
313
312
310
311
313
314
314
315
315
315
312
310
308
305
299
295
293
292
291
290
292
295
296
298
300
303
305
305
307
309
310
319
318
319
321
322
321
322
323
324
324
324
326
327
327
327
328
329
329
329
330
332
333
332
333
335
336
336
337
339
340
340
341
343
344
344
343
344
345
343
342
342
341
338
323
320
320
319
317
315
314
314
313
311
311
311
310
309
308
309
308
307
307
308
308
306
305
306
306
305
305
306
307
306
305
306
307
306
306
306
307
306
305
306
307
307
306
307
307
308
308
307
307
308
308
307
307
308
308
307
306
307
308
307
306
307
308
308
307
308
309
308
307
307
308
308
307
307
308
308
307
307
308
308
307
307
308
309
308
307
308
309
310
309
308
309
310
309
308
309
310
310
309
310
311
311
310
310
311
311
310
310
312
312
312
312
314
314
314
313
314
315
313
312
312
313
311
310
311
311
310
309
309
250
250
250
250
250
250
250
250
250
250
250
250
250
250
250
250
250
250
250
250
250
250
250
250
250
250
250
250
250
250
250
250
250
250
250
250
250
250
250
250
250
250
250
250
250
250
250
250
250
250
250
328
329
329
329
330
332
332
332
334
336
336
336
337
339
340
339
340
342
342
341
341
342
342
340
339
339
337
335
333
332
330
327
325
324
324
321
319
318
317
315
313
313
313
309
309
307
307
308
308
307
307
308
308
307
307
308
308
307
306
307
308
307
306
307
308
307
306
307
309
308
307
307
309
308
307
308
309
309
307
308
309
309
308
308
309
309
309
307
307
308
309
308
307
308
309
308
308
309
310
309
308
309
310
310
308
308
309
309
308
309
310
310
309
309
310
310
309
309
310
310
309
308
310
311
310
309
310
311
310
250
250
250
250
250
250
250
250
250
250
250
250
250
250
250
250
250
250
250
250
250
250
250
250
250
250
250
250
250
250
250
250
250
250
250
250
250
250
250
250
250
250
250
250
250
250
250
250
250
250
250
297
293
292
292
291
292
295
298
300
301
303
306
307
307
310
312
313
313
315
317
317
317
318
320
321
320
321
323
324
323
323
325
326
326
326
327
329
328
329
330
332
331
331
337
338
340
341
341
342
344
344
344
344
345
345
343
342
342
341
339
337
336
334
331
328
327
325
323
321
320
319
318
316
315
316
314
313
312
313
312
311
310
311
311
309
309
308
309
309
308
308
309
309
308
308
309
310
309
308
308
310
309
308
309
310
309
308
309
310
309
308
308
310
309
308
308
309
310
309
309
310
311
310
309
310
310
309
309
310
309
310
309
308
308
309
309
308
309
311
311
310
310
311
311
310
309
310
311
310
309
310
311
310
310
311
312
311
310
311
312
311
310
310
311
311
310
310
312
312
310
311
312
312
312
311
311
312
313
312
312
313
313
312
312
312
313
313
312
313
314
314
313
314
315
315
313
313
315
315
314
314
316
316
315
315
317
317
317
317
318
318
317
316
316
316
314
314
313
313
315
314
313
313
316
317
317
318
318
316
313
310
307
302
296
293
292
292
292
292
295
298
300
302
304
307
307
308
310
312
313
313
315
317
318
317
319
321
321
325
324
325
326
327
327
327
328
329
329
330
331
333
332
333
334
336
336
336
338
340
340
340
342
343
344
343
344
345
344
342
341
341
340
337
335
334
333
330
327
326
325
322
313
311
311
312
310
309
308
309
309
307
307
308
308
307
306
307
307
306
306
307
308
307
307
307
308
307
306
307
308
308
307
307
308
308
307
307
309
308
308
308
309
309
308
308
308
309
309
308
308
309
310
308
308
309
310
309
308
309
310
309
308
309
310
309
308
309
310
309
308
308
309
309
308
308
309
309
308
308
309
310
309
309
310
310
309
308
309
310
312
311
310
311
311
311
310
310
312
311
310
310
311
312
311
311
312
312
311
311
312
312
311
311
312
313
312
311
312
313
312
311
311
313
312
311
312
313
313
312
312
312
313
314
313
312
314
314
313
314
315
316
315
315
316
316
315
314
315
316
315
314
314
315
314
313
313
314
314
312
312
313
313
312
312
315
317
318
317
317
315
312
309
305
295
298
299
300
303
306
307
307
309
312
313
313
314
316
317
317
318
319
321
320
321
322
323
323
323
325
326
325
325
326
328
327
328
329
331
331
330
331
333
333
333
334
337
250
250
250
250
250
250
250
250
250
250
250
250
250
250
250
250
250
250
250
250
250
250
250
250
250
250
250
250
250
250
250
250
250
250
250
250
250
250
250
250
250
250
250
250
250
250
250
250
250
250
250
308
307
306
307
308
308
307
307
308
308
307
307
309
308
307
307
308
308
307
306
307
307
306
306
307
306
307
306
306
307
308
307
307
307
308
308
307
307
308
308
308
306
306
307
307
306
306
307
308
307
307
308
309
308
307
309
310
310
309
309
310
309
308
309
310
310
309
309
310
310
309
309
310
311
310
310
311
311
310
310
311
312
311
310
310
310
312
311
311
311
312
312
310
310
311
311
310
310
312
312
311
311
312
312
311
311
312
312
311
310
311
312
311
311
312
313
313
312
313
314
313
312
312
314
314
313
316
316
316
316
315
314
315
315
314
313
314
315
313
313
314
314
313
312
313
314
315
316
318
319
317
314
312
309
304
298
293
291
290
288
289
292
295
296
298
301
303
304
305
316
318
319
319
319
321
323
323
322
324
325
325
325
326
327
328
327
328
329
330
329
329
331
332
332
333
335
336
336
336
338
340
340
340
342
344
344
343
344
346
345
344
344
331
330
328
325
324
323
321
318
317
316
316
314
312
313
312
311
309
310
311
309
308
308
309
308
307
307
308
308
307
307
308
307
306
306
307
307
306
305
307
307
306
306
307
308
308
307
306
307
308
307
306
307
308
307
306
307
308
307
307
307
308
308
307
307
308
308
307
307
308
309
308
307
308
309
308
307
308
309
308
308
308
309
309
307
308
309
310
310
309
309
310
309
308
308
309
310
309
308
309
310
309
309
310
311
310
309
310
311
310
309
310
311
311
310
311
312
311
310
311
312
311
311
311
312
312
311
311
312
312
313
312
312
313
313
313
312
313
314
313
312
312
313
313
312
313
314
314
313
313
314
314
313
313
314
315
314
314
315
316
315
315
316
317
316
316
316
317
315
314
314
315
314
314
312
312
314
315
315
316
317
317
313
311
309
305
298
294
291
290
289
288
290
293
295
296
299
302
304
304
307
309
311
311
313
315
315
315
316
318
319
319
319
321
322
322
326
326
328
329
329
329
331
332
332
332
334
335
336
336
338
340
340
340
342
344
344
344
344
346
346
345
345
345
344
342
341
340
338
335
333
331
330
327
325
324
323
321
319
311
310
311
310
309
308
309
309
307
307
308
308
306
306
306
307
306
305
306
307
306
305
306
307
307
306
307
308
307
306
307
307
307
306
307
308
308
307
308
309
309
308
307
307
308
309
308
307
308
308
308
307
307
308
308
307
308
309
308
307
308
309
309
307
308
309
309
308
308
309
309
308
308
309
309
308
307
308
309
308
307
308
309
308
307
308
309
310
310
309
309
310
309
308
309
310
310
309
309
310
310
309
309
310
311
310
309
310
311
310
310
310
312
311
310
311
312
311
311
311
312
312
311
312
313
313
312
312
313
313
314
313
313
314
315
315
315
317
318
317
316
316
317
316
315
315
316
315
314
314
315
315
314
314
316
315
314
314
315
316
316
318
320
320
318
315
314
311
305
299
296
293
303
304
305
307
310
311
312
314
316
317
317
318
320
321
321
321
323
324
323
324
326
327
326
326
327
328
328
328
329
331
330
330
331
333
333
333
334
336
336
336
337
339
341
347
346
346
347
346
344
341
340
339
336
333
332
331
328
326
325
324
321
319
318
318
316
314
314
314
313
311
310
311
311
309
309
310
310
308
307
308
308
307
306
307
307
307
307
306
307
308
307
306
307
308
308
307
307
309
309
307
307
308
308
307
307
307
308
307
307
308
309
308
307
308
309
308
308
308
309
308
307
308
309
309
308
308
309
309
308
308
308
309
309
308
308
309
309
308
307
308
309
308
307
308
310
309
308
309
309
309
308
308
310
309
308
309
310
310
309
309
310
311
310
310
311
311
310
310
311
311
310
310
311
311
312
311
311
311
313
313
312
313
314
314
312
313
314
314
313
313
314
314
313
314
316
316
315
315
315
316
315
314
314
314
313
313
313
314
313
312
312
313
313
313
313
316
315
314
310
306
302
298
293
291
291
291
291
292
295
297
299
300
303
306
307
308
310
312
313
313
314
316
317
317
318
319
320
320
320
322
323
322
323
324
325
325
325
326